(kicad_pcb (version 20171130) (host pcbnew "(5.1.12-1-10_14)")

  (general
    (thickness 1.6)
    (drawings 26)
    (tracks 530)
    (zones 0)
    (modules 58)
    (nets 69)
  )

  (page A4)
  (layers
    (0 F.Cu signal)
    (1 In1.Cu signal)
    (2 In2.Cu signal)
    (31 B.Cu signal)
    (32 B.Adhes user)
    (33 F.Adhes user)
    (34 B.Paste user)
    (35 F.Paste user)
    (36 B.SilkS user)
    (37 F.SilkS user)
    (38 B.Mask user)
    (39 F.Mask user)
    (40 Dwgs.User user)
    (41 Cmts.User user)
    (42 Eco1.User user)
    (43 Eco2.User user)
    (44 Edge.Cuts user)
    (45 Margin user)
    (46 B.CrtYd user)
    (47 F.CrtYd user)
    (48 B.Fab user)
    (49 F.Fab user hide)
  )

  (setup
    (last_trace_width 0.25)
    (user_trace_width 0.3)
    (user_trace_width 0.5)
    (user_trace_width 0.75)
    (user_trace_width 1)
    (trace_clearance 0.2)
    (zone_clearance 0.508)
    (zone_45_only no)
    (trace_min 0.2)
    (via_size 0.8)
    (via_drill 0.4)
    (via_min_size 0.4)
    (via_min_drill 0.3)
    (uvia_size 0.3)
    (uvia_drill 0.1)
    (uvias_allowed no)
    (uvia_min_size 0.2)
    (uvia_min_drill 0.1)
    (edge_width 0.05)
    (segment_width 0.2)
    (pcb_text_width 0.3)
    (pcb_text_size 1.5 1.5)
    (mod_edge_width 0.12)
    (mod_text_size 1 1)
    (mod_text_width 0.15)
    (pad_size 1.524 1.524)
    (pad_drill 0.762)
    (pad_to_mask_clearance 0)
    (aux_axis_origin 0 0)
    (visible_elements FFFFFF7F)
    (pcbplotparams
      (layerselection 0x010fc_ffffffff)
      (usegerberextensions false)
      (usegerberattributes true)
      (usegerberadvancedattributes true)
      (creategerberjobfile true)
      (excludeedgelayer true)
      (linewidth 0.100000)
      (plotframeref false)
      (viasonmask false)
      (mode 1)
      (useauxorigin false)
      (hpglpennumber 1)
      (hpglpenspeed 20)
      (hpglpendiameter 15.000000)
      (psnegative false)
      (psa4output false)
      (plotreference true)
      (plotvalue true)
      (plotinvisibletext false)
      (padsonsilk false)
      (subtractmaskfromsilk false)
      (outputformat 1)
      (mirror false)
      (drillshape 1)
      (scaleselection 1)
      (outputdirectory ""))
  )

  (net 0 "")
  (net 1 "Net-(C1-Pad1)")
  (net 2 GND)
  (net 3 "Net-(C2-Pad1)")
  (net 4 BUCK_IN)
  (net 5 AT_OSC1)
  (net 6 AT_OSC2)
  (net 7 +5V)
  (net 8 BUCK_SW)
  (net 9 BUCK_BST)
  (net 10 +3V3)
  (net 11 "Net-(D1-Pad2)")
  (net 12 "Net-(D3-Pad2)")
  (net 13 "Net-(D4-Pad2)")
  (net 14 "Net-(F1-Pad1)")
  (net 15 12_V_IN)
  (net 16 "Net-(FB1-Pad2)")
  (net 17 "Net-(J1-Pad1)")
  (net 18 "Net-(J1-Pad2)")
  (net 19 AT_MISO)
  (net 20 AT_SCK)
  (net 21 AT_RESET)
  (net 22 AT_MOSI)
  (net 23 AT_D7)
  (net 24 AT_D8)
  (net 25 AT_D9)
  (net 26 AT_A0)
  (net 27 AT_A1)
  (net 28 AT_A2)
  (net 29 AT_A3)
  (net 30 AT_A4)
  (net 31 AT_A5)
  (net 32 3_3_TX_IN)
  (net 33 3_3_RX_IN)
  (net 34 ULN2803_OUT_1)
  (net 35 ULN2803_OUT_2)
  (net 36 ULN2803_OUT_3)
  (net 37 328_RX)
  (net 38 328_TX)
  (net 39 "Net-(R2-Pad2)")
  (net 40 BUCK_EN)
  (net 41 BUCK_FB)
  (net 42 "Net-(R6-Pad2)")
  (net 43 "Net-(U1-Pad1)")
  (net 44 "Net-(U1-Pad2)")
  (net 45 "Net-(U1-Pad3)")
  (net 46 "Net-(U1-Pad4)")
  (net 47 "Net-(U1-Pad5)")
  (net 48 "Net-(U1-Pad6)")
  (net 49 "Net-(U1-Pad10)")
  (net 50 "Net-(U1-Pad11)")
  (net 51 "Net-(U1-Pad12)")
  (net 52 AT_CS)
  (net 53 "Net-(U2-Pad5)")
  (net 54 AT_D2)
  (net 55 AT_D3)
  (net 56 AT_D4)
  (net 57 AT_D5)
  (net 58 AT_D6)
  (net 59 "Net-(U5-Pad6)")
  (net 60 "Net-(U5-Pad7)")
  (net 61 "Net-(U5-Pad8)")
  (net 62 "Net-(U5-Pad11)")
  (net 63 "Net-(U5-Pad12)")
  (net 64 "Net-(U5-Pad13)")
  (net 65 "Net-(U5-Pad4)")
  (net 66 "Net-(U5-Pad5)")
  (net 67 "Net-(U5-Pad14)")
  (net 68 "Net-(U5-Pad15)")

  (net_class Default "This is the default net class."
    (clearance 0.2)
    (trace_width 0.25)
    (via_dia 0.8)
    (via_drill 0.4)
    (uvia_dia 0.3)
    (uvia_drill 0.1)
    (add_net +3V3)
    (add_net +5V)
    (add_net 12_V_IN)
    (add_net 328_RX)
    (add_net 328_TX)
    (add_net 3_3_RX_IN)
    (add_net 3_3_TX_IN)
    (add_net AT_A0)
    (add_net AT_A1)
    (add_net AT_A2)
    (add_net AT_A3)
    (add_net AT_A4)
    (add_net AT_A5)
    (add_net AT_CS)
    (add_net AT_D2)
    (add_net AT_D3)
    (add_net AT_D4)
    (add_net AT_D5)
    (add_net AT_D6)
    (add_net AT_D7)
    (add_net AT_D8)
    (add_net AT_D9)
    (add_net AT_MISO)
    (add_net AT_MOSI)
    (add_net AT_OSC1)
    (add_net AT_OSC2)
    (add_net AT_RESET)
    (add_net AT_SCK)
    (add_net BUCK_BST)
    (add_net BUCK_EN)
    (add_net BUCK_FB)
    (add_net BUCK_IN)
    (add_net BUCK_SW)
    (add_net GND)
    (add_net "Net-(C1-Pad1)")
    (add_net "Net-(C2-Pad1)")
    (add_net "Net-(D1-Pad2)")
    (add_net "Net-(D3-Pad2)")
    (add_net "Net-(D4-Pad2)")
    (add_net "Net-(F1-Pad1)")
    (add_net "Net-(FB1-Pad2)")
    (add_net "Net-(J1-Pad1)")
    (add_net "Net-(J1-Pad2)")
    (add_net "Net-(R2-Pad2)")
    (add_net "Net-(R6-Pad2)")
    (add_net "Net-(U1-Pad1)")
    (add_net "Net-(U1-Pad10)")
    (add_net "Net-(U1-Pad11)")
    (add_net "Net-(U1-Pad12)")
    (add_net "Net-(U1-Pad2)")
    (add_net "Net-(U1-Pad3)")
    (add_net "Net-(U1-Pad4)")
    (add_net "Net-(U1-Pad5)")
    (add_net "Net-(U1-Pad6)")
    (add_net "Net-(U2-Pad5)")
    (add_net "Net-(U5-Pad11)")
    (add_net "Net-(U5-Pad12)")
    (add_net "Net-(U5-Pad13)")
    (add_net "Net-(U5-Pad14)")
    (add_net "Net-(U5-Pad15)")
    (add_net "Net-(U5-Pad4)")
    (add_net "Net-(U5-Pad5)")
    (add_net "Net-(U5-Pad6)")
    (add_net "Net-(U5-Pad7)")
    (add_net "Net-(U5-Pad8)")
    (add_net ULN2803_OUT_1)
    (add_net ULN2803_OUT_2)
    (add_net ULN2803_OUT_3)
  )

  (module "Honda Motors:honda-motors" locked (layer F.Cu) (tedit 0) (tstamp 61A30AB4)
    (at 121.285 92.202)
    (fp_text reference G*** (at 0 0) (layer F.SilkS) hide
      (effects (font (size 1.524 1.524) (thickness 0.3)))
    )
    (fp_text value LOGO (at 0.75 0) (layer F.SilkS) hide
      (effects (font (size 1.524 1.524) (thickness 0.3)))
    )
    (fp_poly (pts (xy -3.123751 3.484446) (xy -2.607443 3.576978) (xy -2.249852 3.711839) (xy -2.026077 3.901404)
      (xy -1.935008 4.075319) (xy -1.893864 4.271388) (xy -1.952631 4.421034) (xy -2.037543 4.514957)
      (xy -2.260596 4.681409) (xy -2.501424 4.800896) (xy -2.781289 4.862083) (xy -3.181798 4.902383)
      (xy -3.63731 4.920185) (xy -4.082185 4.913875) (xy -4.450781 4.881841) (xy -4.598152 4.852412)
      (xy -4.888427 4.734545) (xy -5.139078 4.575165) (xy -5.333339 4.334367) (xy -5.357377 4.116371)
      (xy -4.376376 4.116371) (xy -4.369314 4.343686) (xy -4.234994 4.537057) (xy -4.167049 4.582297)
      (xy -3.922211 4.65034) (xy -3.598686 4.664695) (xy -3.285204 4.627649) (xy -3.088334 4.554496)
      (xy -2.960623 4.395277) (xy -2.916403 4.181036) (xy -2.957055 3.972076) (xy -3.071867 3.835568)
      (xy -3.259554 3.777003) (xy -3.541768 3.744019) (xy -3.644623 3.741352) (xy -3.949583 3.760955)
      (xy -4.150005 3.834388) (xy -4.249404 3.910408) (xy -4.376376 4.116371) (xy -5.357377 4.116371)
      (xy -5.358885 4.102704) (xy -5.235141 3.890689) (xy -4.981533 3.708835) (xy -4.617484 3.567655)
      (xy -4.162419 3.477661) (xy -3.635763 3.449367) (xy -3.123751 3.484446)) (layer F.SilkS) (width 0.01))
    (fp_poly (pts (xy -5.889908 3.505094) (xy -5.632622 3.51974) (xy -5.498951 3.548929) (xy -5.456743 3.596571)
      (xy -5.456297 3.604054) (xy -5.534726 3.687915) (xy -5.644445 3.707027) (xy -5.743984 3.720198)
      (xy -5.800667 3.77943) (xy -5.826269 3.914301) (xy -5.83257 4.154391) (xy -5.832593 4.179561)
      (xy -5.826157 4.4331) (xy -5.798984 4.581381) (xy -5.739274 4.656287) (xy -5.644445 4.687999)
      (xy -5.491761 4.748474) (xy -5.456297 4.798979) (xy -5.548395 4.839207) (xy -5.8188 4.864474)
      (xy -6.258674 4.873996) (xy -6.302963 4.874054) (xy -6.756641 4.865888) (xy -7.04159 4.84191)
      (xy -7.148974 4.802906) (xy -7.14963 4.798979) (xy -7.071387 4.72214) (xy -6.97018 4.689659)
      (xy -6.819717 4.613301) (xy -6.728526 4.48858) (xy -6.737482 4.37672) (xy -6.752207 4.363164)
      (xy -6.866824 4.343263) (xy -7.113474 4.329414) (xy -7.400494 4.324865) (xy -7.72422 4.328318)
      (xy -7.902784 4.346538) (xy -7.979127 4.391319) (xy -7.996193 4.474452) (xy -7.996297 4.48848)
      (xy -7.925378 4.639459) (xy -7.808149 4.687999) (xy -7.655465 4.748474) (xy -7.62 4.798979)
      (xy -7.712099 4.839207) (xy -7.982503 4.864474) (xy -8.422378 4.873996) (xy -8.466667 4.874054)
      (xy -8.885416 4.866609) (xy -9.174197 4.845692) (xy -9.307362 4.813437) (xy -9.313334 4.803706)
      (xy -9.235376 4.730272) (xy -9.073644 4.666858) (xy -8.943039 4.620791) (xy -8.874471 4.550656)
      (xy -8.852246 4.419677) (xy -8.86067 4.191078) (xy -8.861977 4.170855) (xy -8.88432 3.933706)
      (xy -8.923797 3.800977) (xy -8.997864 3.739792) (xy -9.101667 3.719415) (xy -9.267159 3.665112)
      (xy -9.313334 3.59928) (xy -9.275121 3.550903) (xy -9.140126 3.520773) (xy -8.877809 3.505347)
      (xy -8.466667 3.501081) (xy -8.053612 3.505094) (xy -7.796325 3.51974) (xy -7.662655 3.548929)
      (xy -7.620447 3.596571) (xy -7.62 3.604054) (xy -7.69843 3.687915) (xy -7.808149 3.707027)
      (xy -7.955687 3.74725) (xy -7.996297 3.878649) (xy -7.985188 3.971826) (xy -7.923167 4.023214)
      (xy -7.767187 4.045211) (xy -7.474203 4.050217) (xy -7.400494 4.05027) (xy -7.083198 4.044656)
      (xy -6.847714 4.03002) (xy -6.752207 4.011971) (xy -6.719588 3.908331) (xy -6.794112 3.787221)
      (xy -6.93036 3.711523) (xy -6.972454 3.707027) (xy -7.118853 3.661875) (xy -7.14963 3.604054)
      (xy -7.116636 3.553818) (xy -6.996216 3.522526) (xy -6.756219 3.506269) (xy -6.364491 3.501136)
      (xy -6.302963 3.501081) (xy -5.889908 3.505094)) (layer F.SilkS) (width 0.01))
    (fp_poly (pts (xy 1.588703 3.508227) (xy 1.796988 3.532535) (xy 1.877681 3.578312) (xy 1.881481 3.596048)
      (xy 1.802664 3.688256) (xy 1.693333 3.726918) (xy 1.599425 3.758503) (xy 1.54306 3.828603)
      (xy 1.514919 3.966524) (xy 1.505679 4.201571) (xy 1.505185 4.318438) (xy 1.505185 4.874054)
      (xy 0.29103 4.874054) (xy -0.277819 4.391751) (xy -0.846667 3.909448) (xy -0.846667 4.280771)
      (xy -0.835912 4.502297) (xy -0.792604 4.622869) (xy -0.700183 4.678334) (xy -0.658519 4.687999)
      (xy -0.505835 4.748474) (xy -0.470371 4.798979) (xy -0.56047 4.841744) (xy -0.817046 4.86741)
      (xy -1.128889 4.874054) (xy -1.504001 4.863782) (xy -1.729128 4.834531) (xy -1.787408 4.798979)
      (xy -1.708871 4.723067) (xy -1.59926 4.687999) (xy -1.496209 4.651068) (xy -1.439125 4.568091)
      (xy -1.415135 4.406184) (xy -1.411112 4.207459) (xy -1.418418 3.962531) (xy -1.44892 3.82181)
      (xy -1.515494 3.752411) (xy -1.59926 3.726918) (xy -1.752145 3.657961) (xy -1.787408 3.596048)
      (xy -1.74327 3.547476) (xy -1.591256 3.517867) (xy -1.301963 3.503699) (xy -0.994606 3.501081)
      (xy -0.599085 3.504655) (xy -0.345253 3.520468) (xy -0.186757 3.556159) (xy -0.077246 3.619365)
      (xy -0.030347 3.659978) (xy 0.124386 3.797217) (xy 0.349261 3.989665) (xy 0.540925 4.150183)
      (xy 0.94074 4.481492) (xy 0.94074 4.09426) (xy 0.932977 3.872681) (xy 0.899255 3.755984)
      (xy 0.823924 3.711959) (xy 0.752592 3.707027) (xy 0.599365 3.664103) (xy 0.564444 3.604054)
      (xy 0.603171 3.548107) (xy 0.742422 3.516087) (xy 1.016801 3.502583) (xy 1.222962 3.501081)
      (xy 1.588703 3.508227)) (layer F.SilkS) (width 0.01))
    (fp_poly (pts (xy 3.760732 3.507151) (xy 4.21583 3.522357) (xy 4.584067 3.544777) (xy 4.815142 3.572101)
      (xy 4.817017 3.572477) (xy 5.18361 3.702666) (xy 5.42457 3.9001) (xy 5.534628 4.135097)
      (xy 5.508513 4.377976) (xy 5.340956 4.599054) (xy 5.029229 4.767773) (xy 4.810531 4.813341)
      (xy 4.475385 4.847673) (xy 4.061898 4.870729) (xy 3.608175 4.882465) (xy 3.152319 4.882838)
      (xy 2.732437 4.871805) (xy 2.386634 4.849326) (xy 2.153014 4.815356) (xy 2.069629 4.771081)
      (xy 2.148058 4.687221) (xy 2.257777 4.668108) (xy 2.359026 4.65439) (xy 2.403849 4.606011)
      (xy 3.292592 4.606011) (xy 3.878663 4.585573) (xy 4.203235 4.569539) (xy 4.390587 4.539351)
      (xy 4.491628 4.47897) (xy 4.557267 4.372358) (xy 4.557593 4.371678) (xy 4.597662 4.169467)
      (xy 4.509319 3.994111) (xy 4.403598 3.88648) (xy 4.258212 3.827115) (xy 4.014163 3.798228)
      (xy 3.830388 3.789412) (xy 3.292592 3.768824) (xy 3.292592 4.606011) (xy 2.403849 4.606011)
      (xy 2.415779 4.593135) (xy 2.440568 4.454197) (xy 2.445925 4.215465) (xy 2.438887 3.968049)
      (xy 2.409405 3.825151) (xy 2.344929 3.75418) (xy 2.257777 3.726918) (xy 2.104892 3.657961)
      (xy 2.069629 3.596048) (xy 2.105491 3.555585) (xy 2.230483 3.527969) (xy 2.470721 3.511142)
      (xy 2.852316 3.503044) (xy 3.269074 3.501464) (xy 3.760732 3.507151)) (layer F.SilkS) (width 0.01))
    (fp_poly (pts (xy 8.383099 4.067433) (xy 8.643512 4.309686) (xy 8.884413 4.507927) (xy 9.072758 4.636255)
      (xy 9.151845 4.670002) (xy 9.326597 4.734948) (xy 9.384753 4.790137) (xy 9.351185 4.830532)
      (xy 9.192069 4.856649) (xy 8.885837 4.870475) (xy 8.474506 4.874054) (xy 7.981395 4.866706)
      (xy 7.665262 4.844905) (xy 7.530707 4.809014) (xy 7.525925 4.798979) (xy 7.604586 4.723466)
      (xy 7.71792 4.687265) (xy 7.856681 4.627646) (xy 7.874711 4.573557) (xy 7.762744 4.530718)
      (xy 7.490554 4.504143) (xy 7.149629 4.496487) (xy 6.761455 4.506809) (xy 6.510304 4.535861)
      (xy 6.424548 4.573557) (xy 6.472487 4.649338) (xy 6.581338 4.687265) (xy 6.736064 4.74755)
      (xy 6.773333 4.798979) (xy 6.682635 4.841067) (xy 6.421882 4.866643) (xy 6.067777 4.874054)
      (xy 5.701312 4.865248) (xy 5.455026 4.841046) (xy 5.362284 4.804775) (xy 5.362222 4.803706)
      (xy 5.43996 4.72937) (xy 5.59055 4.670011) (xy 5.736005 4.593175) (xy 5.927927 4.445585)
      (xy 6.134627 4.25868) (xy 6.285713 4.103619) (xy 6.843952 4.103619) (xy 6.851429 4.159673)
      (xy 6.987188 4.19738) (xy 6.989538 4.197887) (xy 7.27006 4.242255) (xy 7.463193 4.242079)
      (xy 7.522796 4.20473) (xy 7.465861 4.120866) (xy 7.332578 3.989195) (xy 7.326751 3.984062)
      (xy 7.133836 3.814882) (xy 6.958122 3.984062) (xy 6.843952 4.103619) (xy 6.285713 4.103619)
      (xy 6.324415 4.0639) (xy 6.465599 3.892684) (xy 6.52649 3.776471) (xy 6.518215 3.749689)
      (xy 6.384023 3.7131) (xy 6.287283 3.707027) (xy 6.143559 3.660799) (xy 6.114814 3.604054)
      (xy 6.1478 3.553828) (xy 6.268189 3.522538) (xy 6.50813 3.506277) (xy 6.89977 3.501137)
      (xy 6.961872 3.501081) (xy 7.80893 3.501081) (xy 8.383099 4.067433)) (layer F.SilkS) (width 0.01))
    (fp_poly (pts (xy 8.882554 -4.851138) (xy 8.797569 -4.687876) (xy 8.662998 -4.468167) (xy 8.499906 -4.223728)
      (xy 8.329361 -3.986275) (xy 8.172431 -3.787521) (xy 8.062241 -3.669742) (xy 7.813196 -3.492692)
      (xy 7.491988 -3.324063) (xy 7.356686 -3.268491) (xy 7.198114 -3.218844) (xy 6.918825 -3.142683)
      (xy 6.51364 -3.038781) (xy 5.977382 -2.905911) (xy 5.304874 -2.742844) (xy 4.490938 -2.548353)
      (xy 3.530398 -2.32121) (xy 2.418075 -2.060188) (xy 1.148793 -1.764059) (xy -0.282626 -1.431594)
      (xy -1.88136 -1.061567) (xy -3.652585 -0.65275) (xy -4.421482 -0.475565) (xy -5.193458 -0.296519)
      (xy -5.920867 -0.125477) (xy -6.58121 0.032097) (xy -7.15199 0.170736) (xy -7.610709 0.284978)
      (xy -7.934869 0.369356) (xy -8.101972 0.418406) (xy -8.102287 0.418521) (xy -8.355086 0.532006)
      (xy -8.492322 0.654506) (xy -8.506963 0.797398) (xy -8.391977 0.972057) (xy -8.140332 1.189861)
      (xy -7.744996 1.462185) (xy -7.277298 1.753154) (xy -6.828602 2.025361) (xy -6.357195 2.312642)
      (xy -5.918874 2.580921) (xy -5.569438 2.796122) (xy -5.567321 2.797433) (xy -4.874353 3.226487)
      (xy -5.612177 3.219404) (xy -6.35 3.212322) (xy -6.914445 2.790216) (xy -7.213649 2.571567)
      (xy -7.599579 2.296819) (xy -8.020273 2.002651) (xy -8.387449 1.750406) (xy -8.778358 1.478916)
      (xy -9.048433 1.274731) (xy -9.220978 1.116909) (xy -9.319294 0.984507) (xy -9.362472 0.874126)
      (xy -9.360553 0.540446) (xy -9.18067 0.244173) (xy -8.898517 0.03441) (xy -8.729842 -0.036362)
      (xy -8.41438 -0.141859) (xy -7.94807 -0.283212) (xy -7.326851 -0.461551) (xy -6.546661 -0.678004)
      (xy -5.603438 -0.933703) (xy -4.493123 -1.229778) (xy -3.211653 -1.567358) (xy -2.06963 -1.865692)
      (xy -0.42588 -2.297592) (xy 1.168523 -2.724069) (xy 2.693339 -3.139475) (xy 4.12833 -3.538161)
      (xy 5.453257 -3.914482) (xy 6.647883 -4.262788) (xy 7.691969 -4.577433) (xy 8.08033 -4.698063)
      (xy 8.429009 -4.804651) (xy 8.705268 -4.883695) (xy 8.869307 -4.924075) (xy 8.896883 -4.926238)
      (xy 8.882554 -4.851138)) (layer F.SilkS) (width 0.01))
    (fp_poly (pts (xy 0.83158 2.658685) (xy 1.250353 2.829138) (xy 1.61779 2.978869) (xy 1.898392 3.093399)
      (xy 2.056659 3.158251) (xy 2.069629 3.16362) (xy 2.013981 3.17784) (xy 1.788072 3.19079)
      (xy 1.409782 3.202124) (xy 0.896994 3.2115) (xy 0.267589 3.218573) (xy -0.46055 3.223)
      (xy -1.092706 3.224399) (xy -4.396153 3.226487) (xy -4.88519 2.93619) (xy -5.118831 2.788766)
      (xy -5.266706 2.678054) (xy -5.297804 2.627363) (xy -5.29655 2.626999) (xy -5.185734 2.614761)
      (xy -4.913217 2.589948) (xy -4.504362 2.554712) (xy -3.984529 2.511204) (xy -3.37908 2.461575)
      (xy -2.742115 2.410273) (xy -0.265357 2.212442) (xy 0.83158 2.658685)) (layer F.SilkS) (width 0.01))
    (fp_poly (pts (xy 4.263324 0.65749) (xy 4.162256 0.761432) (xy 3.978888 0.907141) (xy 3.74495 1.072096)
      (xy 3.492177 1.233774) (xy 3.252299 1.369654) (xy 3.07882 1.449346) (xy 2.804714 1.521512)
      (xy 2.365506 1.596814) (xy 1.784023 1.671718) (xy 1.33845 1.718727) (xy 0.67978 1.783498)
      (xy 0.184434 1.833827) (xy -0.170809 1.87314) (xy -0.409174 1.904863) (xy -0.553883 1.932423)
      (xy -0.628159 1.959245) (xy -0.655226 1.988756) (xy -0.658519 2.013348) (xy -0.72508 2.047367)
      (xy -0.931601 2.086119) (xy -1.288342 2.130784) (xy -1.805561 2.18254) (xy -2.493517 2.242567)
      (xy -3.033889 2.286324) (xy -3.687718 2.337485) (xy -4.283849 2.383009) (xy -4.795439 2.420937)
      (xy -5.195645 2.44931) (xy -5.457624 2.466168) (xy -5.550371 2.470028) (xy -5.69358 2.424088)
      (xy -5.915205 2.310066) (xy -6.094243 2.199868) (xy -6.497005 1.934016) (xy -6.235354 1.895542)
      (xy -6.058481 1.871812) (xy -5.72475 1.829228) (xy -5.254626 1.770286) (xy -4.668573 1.697477)
      (xy -3.987055 1.613296) (xy -3.230537 1.520237) (xy -2.419484 1.420793) (xy -1.574359 1.317457)
      (xy -0.715627 1.212724) (xy 0.136248 1.109087) (xy 0.960801 1.009039) (xy 1.737568 0.915075)
      (xy 2.446084 0.829687) (xy 3.065886 0.75537) (xy 3.576509 0.694616) (xy 3.957488 0.649921)
      (xy 4.18836 0.623776) (xy 4.25036 0.617838) (xy 4.263324 0.65749)) (layer F.SilkS) (width 0.01))
    (fp_poly (pts (xy 6.02074 -0.916043) (xy 5.95908 -0.81738) (xy 5.797909 -0.652995) (xy 5.572943 -0.452631)
      (xy 5.319894 -0.24603) (xy 5.074479 -0.062933) (xy 4.87241 0.066917) (xy 4.796536 0.103442)
      (xy 4.665208 0.130859) (xy 4.373639 0.178518) (xy 3.946927 0.243023) (xy 3.410171 0.320984)
      (xy 2.78847 0.409005) (xy 2.106921 0.503694) (xy 1.390624 0.601659) (xy 0.664676 0.699505)
      (xy -0.045822 0.79384) (xy -0.715774 0.881271) (xy -1.320081 0.958404) (xy -1.833643 1.021846)
      (xy -2.231363 1.068205) (xy -2.488142 1.094086) (xy -2.562894 1.098379) (xy -2.626126 1.154209)
      (xy -2.634075 1.201352) (xy -2.646997 1.292969) (xy -2.657791 1.304324) (xy -2.753272 1.315584)
      (xy -3.006081 1.347014) (xy -3.388221 1.395089) (xy -3.871694 1.456283) (xy -4.428502 1.527071)
      (xy -4.562791 1.544185) (xy -5.145429 1.617246) (xy -5.673623 1.681177) (xy -6.11608 1.732373)
      (xy -6.441505 1.767233) (xy -6.618604 1.782152) (xy -6.632223 1.782443) (xy -6.814548 1.73715)
      (xy -7.048614 1.625313) (xy -7.135092 1.572019) (xy -7.313531 1.441352) (xy -7.403925 1.35031)
      (xy -7.405234 1.330666) (xy -7.382658 1.320232) (xy -7.332228 1.30596) (xy -7.242055 1.285786)
      (xy -7.100255 1.257647) (xy -6.894938 1.21948) (xy -6.614218 1.169223) (xy -6.246209 1.10481)
      (xy -5.779022 1.024181) (xy -5.200772 0.925271) (xy -4.49957 0.806017) (xy -3.66353 0.664355)
      (xy -2.680765 0.498224) (xy -1.539387 0.305559) (xy -0.22751 0.084298) (xy -0.113991 0.065157)
      (xy 0.895082 -0.105038) (xy 1.854134 -0.266899) (xy 2.746706 -0.417642) (xy 3.556334 -0.554482)
      (xy 4.266557 -0.674633) (xy 4.860914 -0.77531) (xy 5.322943 -0.853728) (xy 5.636181 -0.907103)
      (xy 5.784168 -0.93265) (xy 5.789158 -0.933551) (xy 5.961188 -0.945145) (xy 6.02074 -0.916043)) (layer F.SilkS) (width 0.01))
    (fp_poly (pts (xy 7.552577 -2.725538) (xy 7.43811 -2.563342) (xy 7.389386 -2.501218) (xy 6.9772 -2.035926)
      (xy 6.58087 -1.697171) (xy 6.275853 -1.519257) (xy 6.170438 -1.479613) (xy 6.010408 -1.433218)
      (xy 5.783736 -1.377783) (xy 5.478396 -1.311015) (xy 5.082361 -1.230623) (xy 4.583605 -1.134315)
      (xy 3.970101 -1.019798) (xy 3.229823 -0.884782) (xy 2.350743 -0.726974) (xy 1.320836 -0.544083)
      (xy 0.128075 -0.333817) (xy -0.79963 -0.170968) (xy -1.783969 0.003523) (xy -2.593369 0.151373)
      (xy -3.236943 0.274433) (xy -3.723804 0.374554) (xy -4.063066 0.453586) (xy -4.263843 0.513379)
      (xy -4.327408 0.54524) (xy -4.489514 0.616778) (xy -4.831191 0.704792) (xy -5.354844 0.809827)
      (xy -5.973704 0.917701) (xy -6.491173 1.002005) (xy -6.952619 1.074132) (xy -7.323209 1.128874)
      (xy -7.568114 1.161026) (xy -7.643519 1.167342) (xy -7.829325 1.121077) (xy -7.996297 1.02973)
      (xy -8.159236 0.861593) (xy -8.139364 0.721588) (xy -7.934436 0.601151) (xy -7.878704 0.58122)
      (xy -7.738519 0.544894) (xy -7.433197 0.47354) (xy -6.978227 0.370566) (xy -6.389098 0.239376)
      (xy -5.681301 0.083375) (xy -4.870324 -0.094031) (xy -3.971658 -0.289437) (xy -3.000791 -0.499438)
      (xy -1.973214 -0.720628) (xy -1.317038 -0.861333) (xy 0.317414 -1.211758) (xy 1.774896 -1.525221)
      (xy 3.05931 -1.80258) (xy 4.174557 -2.044688) (xy 5.124537 -2.252403) (xy 5.913151 -2.42658)
      (xy 6.544301 -2.568074) (xy 7.021887 -2.677742) (xy 7.349811 -2.756438) (xy 7.496798 -2.794784)
      (xy 7.56996 -2.796728) (xy 7.552577 -2.725538)) (layer F.SilkS) (width 0.01))
  )

  (module Capacitor_SMD:C_0805_2012Metric (layer F.Cu) (tedit 5F68FEEE) (tstamp 61A1252C)
    (at 107.508 129.54)
    (descr "Capacitor SMD 0805 (2012 Metric), square (rectangular) end terminal, IPC_7351 nominal, (Body size source: IPC-SM-782 page 76, https://www.pcb-3d.com/wordpress/wp-content/uploads/ipc-sm-782a_amendment_1_and_2.pdf, https://docs.google.com/spreadsheets/d/1BsfQQcO9C6DZCsRaXUlFlo91Tg2WpOkGARC1WS5S8t0/edit?usp=sharing), generated with kicad-footprint-generator")
    (tags capacitor)
    (path /61A9EBF2)
    (attr smd)
    (fp_text reference C1 (at 0 -1.68) (layer F.SilkS)
      (effects (font (size 1 1) (thickness 0.15)))
    )
    (fp_text value 22pF (at 0 1.68) (layer F.Fab)
      (effects (font (size 1 1) (thickness 0.15)))
    )
    (fp_line (start -1 0.625) (end -1 -0.625) (layer F.Fab) (width 0.1))
    (fp_line (start -1 -0.625) (end 1 -0.625) (layer F.Fab) (width 0.1))
    (fp_line (start 1 -0.625) (end 1 0.625) (layer F.Fab) (width 0.1))
    (fp_line (start 1 0.625) (end -1 0.625) (layer F.Fab) (width 0.1))
    (fp_line (start -0.261252 -0.735) (end 0.261252 -0.735) (layer F.SilkS) (width 0.12))
    (fp_line (start -0.261252 0.735) (end 0.261252 0.735) (layer F.SilkS) (width 0.12))
    (fp_line (start -1.7 0.98) (end -1.7 -0.98) (layer F.CrtYd) (width 0.05))
    (fp_line (start -1.7 -0.98) (end 1.7 -0.98) (layer F.CrtYd) (width 0.05))
    (fp_line (start 1.7 -0.98) (end 1.7 0.98) (layer F.CrtYd) (width 0.05))
    (fp_line (start 1.7 0.98) (end -1.7 0.98) (layer F.CrtYd) (width 0.05))
    (fp_text user %R (at 0 0) (layer F.Fab)
      (effects (font (size 0.5 0.5) (thickness 0.08)))
    )
    (pad 1 smd roundrect (at -0.95 0) (size 1 1.45) (layers F.Cu F.Paste F.Mask) (roundrect_rratio 0.25)
      (net 1 "Net-(C1-Pad1)"))
    (pad 2 smd roundrect (at 0.95 0) (size 1 1.45) (layers F.Cu F.Paste F.Mask) (roundrect_rratio 0.25)
      (net 2 GND))
    (model ${KISYS3DMOD}/Capacitor_SMD.3dshapes/C_0805_2012Metric.wrl
      (at (xyz 0 0 0))
      (scale (xyz 1 1 1))
      (rotate (xyz 0 0 0))
    )
  )

  (module Capacitor_SMD:C_0805_2012Metric (layer F.Cu) (tedit 5F68FEEE) (tstamp 61A1253D)
    (at 107.508 124.46)
    (descr "Capacitor SMD 0805 (2012 Metric), square (rectangular) end terminal, IPC_7351 nominal, (Body size source: IPC-SM-782 page 76, https://www.pcb-3d.com/wordpress/wp-content/uploads/ipc-sm-782a_amendment_1_and_2.pdf, https://docs.google.com/spreadsheets/d/1BsfQQcO9C6DZCsRaXUlFlo91Tg2WpOkGARC1WS5S8t0/edit?usp=sharing), generated with kicad-footprint-generator")
    (tags capacitor)
    (path /61AA1605)
    (attr smd)
    (fp_text reference C2 (at 0 -1.68) (layer F.SilkS)
      (effects (font (size 1 1) (thickness 0.15)))
    )
    (fp_text value 22pF (at 0 1.68) (layer F.Fab)
      (effects (font (size 1 1) (thickness 0.15)))
    )
    (fp_line (start 1.7 0.98) (end -1.7 0.98) (layer F.CrtYd) (width 0.05))
    (fp_line (start 1.7 -0.98) (end 1.7 0.98) (layer F.CrtYd) (width 0.05))
    (fp_line (start -1.7 -0.98) (end 1.7 -0.98) (layer F.CrtYd) (width 0.05))
    (fp_line (start -1.7 0.98) (end -1.7 -0.98) (layer F.CrtYd) (width 0.05))
    (fp_line (start -0.261252 0.735) (end 0.261252 0.735) (layer F.SilkS) (width 0.12))
    (fp_line (start -0.261252 -0.735) (end 0.261252 -0.735) (layer F.SilkS) (width 0.12))
    (fp_line (start 1 0.625) (end -1 0.625) (layer F.Fab) (width 0.1))
    (fp_line (start 1 -0.625) (end 1 0.625) (layer F.Fab) (width 0.1))
    (fp_line (start -1 -0.625) (end 1 -0.625) (layer F.Fab) (width 0.1))
    (fp_line (start -1 0.625) (end -1 -0.625) (layer F.Fab) (width 0.1))
    (fp_text user %R (at 0 0) (layer F.Fab)
      (effects (font (size 0.5 0.5) (thickness 0.08)))
    )
    (pad 2 smd roundrect (at 0.95 0) (size 1 1.45) (layers F.Cu F.Paste F.Mask) (roundrect_rratio 0.25)
      (net 2 GND))
    (pad 1 smd roundrect (at -0.95 0) (size 1 1.45) (layers F.Cu F.Paste F.Mask) (roundrect_rratio 0.25)
      (net 3 "Net-(C2-Pad1)"))
    (model ${KISYS3DMOD}/Capacitor_SMD.3dshapes/C_0805_2012Metric.wrl
      (at (xyz 0 0 0))
      (scale (xyz 1 1 1))
      (rotate (xyz 0 0 0))
    )
  )

  (module Capacitor_SMD:C_0805_2012Metric (layer F.Cu) (tedit 5F68FEEE) (tstamp 61A1D150)
    (at 88.966 104.648 180)
    (descr "Capacitor SMD 0805 (2012 Metric), square (rectangular) end terminal, IPC_7351 nominal, (Body size source: IPC-SM-782 page 76, https://www.pcb-3d.com/wordpress/wp-content/uploads/ipc-sm-782a_amendment_1_and_2.pdf, https://docs.google.com/spreadsheets/d/1BsfQQcO9C6DZCsRaXUlFlo91Tg2WpOkGARC1WS5S8t0/edit?usp=sharing), generated with kicad-footprint-generator")
    (tags capacitor)
    (path /61C666CD)
    (attr smd)
    (fp_text reference C3 (at 0 -1.68) (layer F.SilkS)
      (effects (font (size 1 1) (thickness 0.15)))
    )
    (fp_text value 10uF (at 0 1.68) (layer F.Fab)
      (effects (font (size 1 1) (thickness 0.15)))
    )
    (fp_line (start -1 0.625) (end -1 -0.625) (layer F.Fab) (width 0.1))
    (fp_line (start -1 -0.625) (end 1 -0.625) (layer F.Fab) (width 0.1))
    (fp_line (start 1 -0.625) (end 1 0.625) (layer F.Fab) (width 0.1))
    (fp_line (start 1 0.625) (end -1 0.625) (layer F.Fab) (width 0.1))
    (fp_line (start -0.261252 -0.735) (end 0.261252 -0.735) (layer F.SilkS) (width 0.12))
    (fp_line (start -0.261252 0.735) (end 0.261252 0.735) (layer F.SilkS) (width 0.12))
    (fp_line (start -1.7 0.98) (end -1.7 -0.98) (layer F.CrtYd) (width 0.05))
    (fp_line (start -1.7 -0.98) (end 1.7 -0.98) (layer F.CrtYd) (width 0.05))
    (fp_line (start 1.7 -0.98) (end 1.7 0.98) (layer F.CrtYd) (width 0.05))
    (fp_line (start 1.7 0.98) (end -1.7 0.98) (layer F.CrtYd) (width 0.05))
    (fp_text user %R (at 0 0) (layer F.Fab)
      (effects (font (size 0.5 0.5) (thickness 0.08)))
    )
    (pad 1 smd roundrect (at -0.95 0 180) (size 1 1.45) (layers F.Cu F.Paste F.Mask) (roundrect_rratio 0.25)
      (net 4 BUCK_IN))
    (pad 2 smd roundrect (at 0.95 0 180) (size 1 1.45) (layers F.Cu F.Paste F.Mask) (roundrect_rratio 0.25)
      (net 2 GND))
    (model ${KISYS3DMOD}/Capacitor_SMD.3dshapes/C_0805_2012Metric.wrl
      (at (xyz 0 0 0))
      (scale (xyz 1 1 1))
      (rotate (xyz 0 0 0))
    )
  )

  (module Capacitor_SMD:C_0805_2012Metric (layer F.Cu) (tedit 5F68FEEE) (tstamp 61A1255F)
    (at 123.19 114.554 270)
    (descr "Capacitor SMD 0805 (2012 Metric), square (rectangular) end terminal, IPC_7351 nominal, (Body size source: IPC-SM-782 page 76, https://www.pcb-3d.com/wordpress/wp-content/uploads/ipc-sm-782a_amendment_1_and_2.pdf, https://docs.google.com/spreadsheets/d/1BsfQQcO9C6DZCsRaXUlFlo91Tg2WpOkGARC1WS5S8t0/edit?usp=sharing), generated with kicad-footprint-generator")
    (tags capacitor)
    (path /61A20A82)
    (attr smd)
    (fp_text reference C4 (at 0 -1.68 90) (layer F.SilkS)
      (effects (font (size 1 1) (thickness 0.15)))
    )
    (fp_text value 22pF (at 0 1.68 90) (layer F.Fab)
      (effects (font (size 1 1) (thickness 0.15)))
    )
    (fp_line (start -1 0.625) (end -1 -0.625) (layer F.Fab) (width 0.1))
    (fp_line (start -1 -0.625) (end 1 -0.625) (layer F.Fab) (width 0.1))
    (fp_line (start 1 -0.625) (end 1 0.625) (layer F.Fab) (width 0.1))
    (fp_line (start 1 0.625) (end -1 0.625) (layer F.Fab) (width 0.1))
    (fp_line (start -0.261252 -0.735) (end 0.261252 -0.735) (layer F.SilkS) (width 0.12))
    (fp_line (start -0.261252 0.735) (end 0.261252 0.735) (layer F.SilkS) (width 0.12))
    (fp_line (start -1.7 0.98) (end -1.7 -0.98) (layer F.CrtYd) (width 0.05))
    (fp_line (start -1.7 -0.98) (end 1.7 -0.98) (layer F.CrtYd) (width 0.05))
    (fp_line (start 1.7 -0.98) (end 1.7 0.98) (layer F.CrtYd) (width 0.05))
    (fp_line (start 1.7 0.98) (end -1.7 0.98) (layer F.CrtYd) (width 0.05))
    (fp_text user %R (at 0 0 90) (layer F.Fab)
      (effects (font (size 0.5 0.5) (thickness 0.08)))
    )
    (pad 1 smd roundrect (at -0.95 0 270) (size 1 1.45) (layers F.Cu F.Paste F.Mask) (roundrect_rratio 0.25)
      (net 5 AT_OSC1))
    (pad 2 smd roundrect (at 0.95 0 270) (size 1 1.45) (layers F.Cu F.Paste F.Mask) (roundrect_rratio 0.25)
      (net 2 GND))
    (model ${KISYS3DMOD}/Capacitor_SMD.3dshapes/C_0805_2012Metric.wrl
      (at (xyz 0 0 0))
      (scale (xyz 1 1 1))
      (rotate (xyz 0 0 0))
    )
  )

  (module Capacitor_SMD:C_0805_2012Metric (layer F.Cu) (tedit 5F68FEEE) (tstamp 61A1591E)
    (at 127.508 114.554 270)
    (descr "Capacitor SMD 0805 (2012 Metric), square (rectangular) end terminal, IPC_7351 nominal, (Body size source: IPC-SM-782 page 76, https://www.pcb-3d.com/wordpress/wp-content/uploads/ipc-sm-782a_amendment_1_and_2.pdf, https://docs.google.com/spreadsheets/d/1BsfQQcO9C6DZCsRaXUlFlo91Tg2WpOkGARC1WS5S8t0/edit?usp=sharing), generated with kicad-footprint-generator")
    (tags capacitor)
    (path /61A21465)
    (attr smd)
    (fp_text reference C5 (at 0 -1.68 90) (layer F.SilkS)
      (effects (font (size 1 1) (thickness 0.15)))
    )
    (fp_text value 22pF (at 0 1.68 90) (layer F.Fab)
      (effects (font (size 1 1) (thickness 0.15)))
    )
    (fp_line (start 1.7 0.98) (end -1.7 0.98) (layer F.CrtYd) (width 0.05))
    (fp_line (start 1.7 -0.98) (end 1.7 0.98) (layer F.CrtYd) (width 0.05))
    (fp_line (start -1.7 -0.98) (end 1.7 -0.98) (layer F.CrtYd) (width 0.05))
    (fp_line (start -1.7 0.98) (end -1.7 -0.98) (layer F.CrtYd) (width 0.05))
    (fp_line (start -0.261252 0.735) (end 0.261252 0.735) (layer F.SilkS) (width 0.12))
    (fp_line (start -0.261252 -0.735) (end 0.261252 -0.735) (layer F.SilkS) (width 0.12))
    (fp_line (start 1 0.625) (end -1 0.625) (layer F.Fab) (width 0.1))
    (fp_line (start 1 -0.625) (end 1 0.625) (layer F.Fab) (width 0.1))
    (fp_line (start -1 -0.625) (end 1 -0.625) (layer F.Fab) (width 0.1))
    (fp_line (start -1 0.625) (end -1 -0.625) (layer F.Fab) (width 0.1))
    (fp_text user %R (at 0 0 90) (layer F.Fab)
      (effects (font (size 0.5 0.5) (thickness 0.08)))
    )
    (pad 2 smd roundrect (at 0.95 0 270) (size 1 1.45) (layers F.Cu F.Paste F.Mask) (roundrect_rratio 0.25)
      (net 2 GND))
    (pad 1 smd roundrect (at -0.95 0 270) (size 1 1.45) (layers F.Cu F.Paste F.Mask) (roundrect_rratio 0.25)
      (net 6 AT_OSC2))
    (model ${KISYS3DMOD}/Capacitor_SMD.3dshapes/C_0805_2012Metric.wrl
      (at (xyz 0 0 0))
      (scale (xyz 1 1 1))
      (rotate (xyz 0 0 0))
    )
  )

  (module Capacitor_SMD:C_0805_2012Metric (layer F.Cu) (tedit 5F68FEEE) (tstamp 61A1A471)
    (at 140.081 114.747 90)
    (descr "Capacitor SMD 0805 (2012 Metric), square (rectangular) end terminal, IPC_7351 nominal, (Body size source: IPC-SM-782 page 76, https://www.pcb-3d.com/wordpress/wp-content/uploads/ipc-sm-782a_amendment_1_and_2.pdf, https://docs.google.com/spreadsheets/d/1BsfQQcO9C6DZCsRaXUlFlo91Tg2WpOkGARC1WS5S8t0/edit?usp=sharing), generated with kicad-footprint-generator")
    (tags capacitor)
    (path /619FED40)
    (attr smd)
    (fp_text reference C6 (at 0 -1.68 90) (layer F.SilkS)
      (effects (font (size 1 1) (thickness 0.15)))
    )
    (fp_text value 100nF (at 0 1.68 90) (layer F.Fab)
      (effects (font (size 1 1) (thickness 0.15)))
    )
    (fp_line (start -1 0.625) (end -1 -0.625) (layer F.Fab) (width 0.1))
    (fp_line (start -1 -0.625) (end 1 -0.625) (layer F.Fab) (width 0.1))
    (fp_line (start 1 -0.625) (end 1 0.625) (layer F.Fab) (width 0.1))
    (fp_line (start 1 0.625) (end -1 0.625) (layer F.Fab) (width 0.1))
    (fp_line (start -0.261252 -0.735) (end 0.261252 -0.735) (layer F.SilkS) (width 0.12))
    (fp_line (start -0.261252 0.735) (end 0.261252 0.735) (layer F.SilkS) (width 0.12))
    (fp_line (start -1.7 0.98) (end -1.7 -0.98) (layer F.CrtYd) (width 0.05))
    (fp_line (start -1.7 -0.98) (end 1.7 -0.98) (layer F.CrtYd) (width 0.05))
    (fp_line (start 1.7 -0.98) (end 1.7 0.98) (layer F.CrtYd) (width 0.05))
    (fp_line (start 1.7 0.98) (end -1.7 0.98) (layer F.CrtYd) (width 0.05))
    (fp_text user %R (at 0 0 90) (layer F.Fab)
      (effects (font (size 0.5 0.5) (thickness 0.08)))
    )
    (pad 1 smd roundrect (at -0.95 0 90) (size 1 1.45) (layers F.Cu F.Paste F.Mask) (roundrect_rratio 0.25)
      (net 7 +5V))
    (pad 2 smd roundrect (at 0.95 0 90) (size 1 1.45) (layers F.Cu F.Paste F.Mask) (roundrect_rratio 0.25)
      (net 2 GND))
    (model ${KISYS3DMOD}/Capacitor_SMD.3dshapes/C_0805_2012Metric.wrl
      (at (xyz 0 0 0))
      (scale (xyz 1 1 1))
      (rotate (xyz 0 0 0))
    )
  )

  (module Capacitor_SMD:C_0805_2012Metric (layer F.Cu) (tedit 5F68FEEE) (tstamp 61A1A441)
    (at 143.891 114.747 90)
    (descr "Capacitor SMD 0805 (2012 Metric), square (rectangular) end terminal, IPC_7351 nominal, (Body size source: IPC-SM-782 page 76, https://www.pcb-3d.com/wordpress/wp-content/uploads/ipc-sm-782a_amendment_1_and_2.pdf, https://docs.google.com/spreadsheets/d/1BsfQQcO9C6DZCsRaXUlFlo91Tg2WpOkGARC1WS5S8t0/edit?usp=sharing), generated with kicad-footprint-generator")
    (tags capacitor)
    (path /619FF127)
    (attr smd)
    (fp_text reference C7 (at 0 -1.68 90) (layer F.SilkS)
      (effects (font (size 1 1) (thickness 0.15)))
    )
    (fp_text value 100nF (at 0 1.68 90) (layer F.Fab)
      (effects (font (size 1 1) (thickness 0.15)))
    )
    (fp_line (start 1.7 0.98) (end -1.7 0.98) (layer F.CrtYd) (width 0.05))
    (fp_line (start 1.7 -0.98) (end 1.7 0.98) (layer F.CrtYd) (width 0.05))
    (fp_line (start -1.7 -0.98) (end 1.7 -0.98) (layer F.CrtYd) (width 0.05))
    (fp_line (start -1.7 0.98) (end -1.7 -0.98) (layer F.CrtYd) (width 0.05))
    (fp_line (start -0.261252 0.735) (end 0.261252 0.735) (layer F.SilkS) (width 0.12))
    (fp_line (start -0.261252 -0.735) (end 0.261252 -0.735) (layer F.SilkS) (width 0.12))
    (fp_line (start 1 0.625) (end -1 0.625) (layer F.Fab) (width 0.1))
    (fp_line (start 1 -0.625) (end 1 0.625) (layer F.Fab) (width 0.1))
    (fp_line (start -1 -0.625) (end 1 -0.625) (layer F.Fab) (width 0.1))
    (fp_line (start -1 0.625) (end -1 -0.625) (layer F.Fab) (width 0.1))
    (fp_text user %R (at 0 0 90) (layer F.Fab)
      (effects (font (size 0.5 0.5) (thickness 0.08)))
    )
    (pad 2 smd roundrect (at 0.95 0 90) (size 1 1.45) (layers F.Cu F.Paste F.Mask) (roundrect_rratio 0.25)
      (net 2 GND))
    (pad 1 smd roundrect (at -0.95 0 90) (size 1 1.45) (layers F.Cu F.Paste F.Mask) (roundrect_rratio 0.25)
      (net 7 +5V))
    (model ${KISYS3DMOD}/Capacitor_SMD.3dshapes/C_0805_2012Metric.wrl
      (at (xyz 0 0 0))
      (scale (xyz 1 1 1))
      (rotate (xyz 0 0 0))
    )
  )

  (module Capacitor_SMD:C_0805_2012Metric (layer F.Cu) (tedit 5F68FEEE) (tstamp 61A1A411)
    (at 148.336 114.742 270)
    (descr "Capacitor SMD 0805 (2012 Metric), square (rectangular) end terminal, IPC_7351 nominal, (Body size source: IPC-SM-782 page 76, https://www.pcb-3d.com/wordpress/wp-content/uploads/ipc-sm-782a_amendment_1_and_2.pdf, https://docs.google.com/spreadsheets/d/1BsfQQcO9C6DZCsRaXUlFlo91Tg2WpOkGARC1WS5S8t0/edit?usp=sharing), generated with kicad-footprint-generator")
    (tags capacitor)
    (path /619FF65D)
    (attr smd)
    (fp_text reference C8 (at 0 -1.68 90) (layer F.SilkS)
      (effects (font (size 1 1) (thickness 0.15)))
    )
    (fp_text value 100nF (at 0 1.68 90) (layer F.Fab)
      (effects (font (size 1 1) (thickness 0.15)))
    )
    (fp_line (start -1 0.625) (end -1 -0.625) (layer F.Fab) (width 0.1))
    (fp_line (start -1 -0.625) (end 1 -0.625) (layer F.Fab) (width 0.1))
    (fp_line (start 1 -0.625) (end 1 0.625) (layer F.Fab) (width 0.1))
    (fp_line (start 1 0.625) (end -1 0.625) (layer F.Fab) (width 0.1))
    (fp_line (start -0.261252 -0.735) (end 0.261252 -0.735) (layer F.SilkS) (width 0.12))
    (fp_line (start -0.261252 0.735) (end 0.261252 0.735) (layer F.SilkS) (width 0.12))
    (fp_line (start -1.7 0.98) (end -1.7 -0.98) (layer F.CrtYd) (width 0.05))
    (fp_line (start -1.7 -0.98) (end 1.7 -0.98) (layer F.CrtYd) (width 0.05))
    (fp_line (start 1.7 -0.98) (end 1.7 0.98) (layer F.CrtYd) (width 0.05))
    (fp_line (start 1.7 0.98) (end -1.7 0.98) (layer F.CrtYd) (width 0.05))
    (fp_text user %R (at 0 0 90) (layer F.Fab)
      (effects (font (size 0.5 0.5) (thickness 0.08)))
    )
    (pad 1 smd roundrect (at -0.95 0 270) (size 1 1.45) (layers F.Cu F.Paste F.Mask) (roundrect_rratio 0.25)
      (net 7 +5V))
    (pad 2 smd roundrect (at 0.95 0 270) (size 1 1.45) (layers F.Cu F.Paste F.Mask) (roundrect_rratio 0.25)
      (net 2 GND))
    (model ${KISYS3DMOD}/Capacitor_SMD.3dshapes/C_0805_2012Metric.wrl
      (at (xyz 0 0 0))
      (scale (xyz 1 1 1))
      (rotate (xyz 0 0 0))
    )
  )

  (module Capacitor_SMD:C_0805_2012Metric (layer F.Cu) (tedit 5F68FEEE) (tstamp 61A29DF9)
    (at 152.4 114.747 270)
    (descr "Capacitor SMD 0805 (2012 Metric), square (rectangular) end terminal, IPC_7351 nominal, (Body size source: IPC-SM-782 page 76, https://www.pcb-3d.com/wordpress/wp-content/uploads/ipc-sm-782a_amendment_1_and_2.pdf, https://docs.google.com/spreadsheets/d/1BsfQQcO9C6DZCsRaXUlFlo91Tg2WpOkGARC1WS5S8t0/edit?usp=sharing), generated with kicad-footprint-generator")
    (tags capacitor)
    (path /619FFB6A)
    (attr smd)
    (fp_text reference C9 (at 0 -1.68 90) (layer F.SilkS)
      (effects (font (size 1 1) (thickness 0.15)))
    )
    (fp_text value 100nF (at 0 1.68 90) (layer F.Fab)
      (effects (font (size 1 1) (thickness 0.15)))
    )
    (fp_line (start 1.7 0.98) (end -1.7 0.98) (layer F.CrtYd) (width 0.05))
    (fp_line (start 1.7 -0.98) (end 1.7 0.98) (layer F.CrtYd) (width 0.05))
    (fp_line (start -1.7 -0.98) (end 1.7 -0.98) (layer F.CrtYd) (width 0.05))
    (fp_line (start -1.7 0.98) (end -1.7 -0.98) (layer F.CrtYd) (width 0.05))
    (fp_line (start -0.261252 0.735) (end 0.261252 0.735) (layer F.SilkS) (width 0.12))
